response,A,R,N,D,C,Q,E,G,H,I,L,K,M,F,P,S,T,W,Y,V
-4.626935645431157,0.10893854748603352,0.0223463687150838,0.01675977653631285,0.030726256983240222,0.04189944134078212,0.008379888268156424,0.06424581005586592,0.07262569832402235,0.036312849162011177,0.0670391061452514,0.09217877094972067,0.05027932960893855,0.027932960893854747,0.04189944134078212,0.030726256983240222,0.07541899441340782,0.05307262569832402,0.030726256983240222,0.05027932960893855,0.0782122905027933
-5.599110392902725,0.0886426592797784,0.030470914127423823,0.04155124653739612,0.027700831024930747,0.024930747922437674,0.01662049861495845,0.05263157894736842,0.08587257617728532,0.030470914127423823,0.07756232686980609,0.10526315789473684,0.038781163434903045,0.027700831024930747,0.04709141274238227,0.027700831024930747,0.04986149584487535,0.07479224376731301,0.030470914127423823,0.04709141274238227,0.07479224376731301
-5.7157882520247325,0.0911854103343465,0.02127659574468085,0.02127659574468085,0.0243161094224924,0.0182370820668693,0.0182370820668693,0.05167173252279635,0.09422492401215805,0.0364741641337386,0.0729483282674772,0.0972644376899696,0.0364741641337386,0.030395136778115502,0.0486322188449848,0.0486322188449848,0.060790273556231005,0.05167173252279635,0.030395136778115502,0.0729483282674772,0.0729483282674772
-5.335352191963125,0.09776536312849161,0.030726256983240222,0.027932960893854747,0.025139664804469275,0.0223463687150838,0.019553072625698324,0.0446927374301676,0.08379888268156424,0.027932960893854747,0.0670391061452514,0.11452513966480447,0.036312849162011177,0.030726256983240222,0.05307262569832402,0.0335195530726257,0.061452513966480445,0.061452513966480445,0.0335195530726257,0.05307262569832402,0.07541899441340782
-4.187052068679792,0.09722222222222222,0.027777777777777776,0.027777777777777776,0.027777777777777776,0.03888888888888889,0.016666666666666666,0.06388888888888888,0.075,0.03333333333333333,0.06944444444444445,0.09444444444444444,0.04722222222222222,0.027777777777777776,0.044444444444444446,0.03333333333333333,0.06666666666666667,0.05,0.030555555555555555,0.05,0.07777777777777778
-6.732490772637745,0.08587257617728532,0.0332409972299169,0.036011080332409975,0.027700831024930747,0.024930747922437674,0.019390581717451522,0.055401662049861494,0.0886426592797784,0.030470914127423823,0.07202216066481995,0.10249307479224377,0.036011080332409975,0.027700831024930747,0.05263157894736842,0.027700831024930747,0.04986149584487535,0.07479224376731301,0.0332409972299169,0.04709141274238227,0.07479224376731301
-7.135845590862672,0.09418282548476455,0.030470914127423823,0.04155124653739612,0.024930747922437674,0.0221606648199446,0.013850415512465374,0.05263157894736842,0.08587257617728532,0.030470914127423823,0.07202216066481995,0.11080332409972299,0.038781163434903045,0.0221606648199446,0.04709141274238227,0.027700831024930747,0.05263157894736842,0.0664819944598338,0.030470914127423823,0.04709141274238227,0.0886426592797784
-6.128408684508713,0.0886426592797784,0.030470914127423823,0.038781163434903045,0.027700831024930747,0.024930747922437674,0.01662049861495845,0.04986149584487535,0.0886426592797784,0.030470914127423823,0.07756232686980609,0.11080332409972299,0.036011080332409975,0.030470914127423823,0.04986149584487535,0.030470914127423823,0.04709141274238227,0.07479224376731301,0.030470914127423823,0.04709141274238227,0.06925207756232687
-5.319842748072733,0.09141274238227147,0.030470914127423823,0.038781163434903045,0.024930747922437674,0.024930747922437674,0.01662049861495845,0.055401662049861494,0.08310249307479224,0.030470914127423823,0.08033240997229917,0.10249307479224377,0.038781163434903045,0.027700831024930747,0.04709141274238227,0.027700831024930747,0.05263157894736842,0.07479224376731301,0.030470914127423823,0.04709141274238227,0.07479224376731301
-5.0920670419749925,0.0886426592797784,0.027700831024930747,0.04155124653739612,0.027700831024930747,0.027700831024930747,0.019390581717451522,0.05263157894736842,0.0886426592797784,0.030470914127423823,0.07479224376731301,0.10803324099722991,0.036011080332409975,0.027700831024930747,0.04155124653739612,0.027700831024930747,0.04709141274238227,0.07756232686980609,0.0332409972299169,0.04709141274238227,0.07479224376731301
-8.191804956045784,0.09141274238227147,0.024930747922437674,0.04155124653739612,0.027700831024930747,0.024930747922437674,0.013850415512465374,0.05263157894736842,0.08587257617728532,0.027700831024930747,0.08033240997229917,0.10803324099722991,0.04155124653739612,0.030470914127423823,0.04155124653739612,0.027700831024930747,0.055401662049861494,0.07202216066481995,0.027700831024930747,0.055401662049861494,0.06925207756232687
-6.371702819572715,0.08379888268156424,0.036312849162011177,0.03910614525139665,0.030726256983240222,0.025139664804469275,0.019553072625698324,0.04189944134078212,0.08100558659217877,0.027932960893854747,0.07262569832402235,0.10335195530726257,0.03910614525139665,0.030726256983240222,0.05307262569832402,0.030726256983240222,0.055865921787709494,0.0670391061452514,0.030726256983240222,0.05027932960893855,0.08100558659217877
-6.996026362092827,0.08310249307479224,0.030470914127423823,0.036011080332409975,0.027700831024930747,0.027700831024930747,0.019390581717451522,0.05263157894736842,0.09141274238227147,0.030470914127423823,0.07756232686980609,0.0997229916897507,0.038781163434903045,0.027700831024930747,0.04709141274238227,0.030470914127423823,0.04986149584487535,0.07479224376731301,0.030470914127423823,0.04709141274238227,0.07756232686980609
-7.6062267387969245,0.09418282548476455,0.030470914127423823,0.04155124653739612,0.024930747922437674,0.027700831024930747,0.013850415512465374,0.05263157894736842,0.08587257617728532,0.027700831024930747,0.07202216066481995,0.10803324099722991,0.038781163434903045,0.0221606648199446,0.04986149584487535,0.027700831024930747,0.05263157894736842,0.07202216066481995,0.030470914127423823,0.04155124653739612,0.08587257617728532
-7.546017632580344,0.0886426592797784,0.030470914127423823,0.038781163434903045,0.027700831024930747,0.027700831024930747,0.01662049861495845,0.04986149584487535,0.08587257617728532,0.0332409972299169,0.07479224376731301,0.10803324099722991,0.036011080332409975,0.027700831024930747,0.04986149584487535,0.027700831024930747,0.04986149584487535,0.07756232686980609,0.027700831024930747,0.04986149584487535,0.07202216066481995
-7.993079403043451,0.08587257617728532,0.0332409972299169,0.038781163434903045,0.027700831024930747,0.024930747922437674,0.01662049861495845,0.05263157894736842,0.08587257617728532,0.027700831024930747,0.08033240997229917,0.10249307479224377,0.04155124653739612,0.027700831024930747,0.04709141274238227,0.027700831024930747,0.05817174515235457,0.06925207756232687,0.030470914127423823,0.04709141274238227,0.07479224376731301
-5.840652190889835,0.09141274238227147,0.027700831024930747,0.038781163434903045,0.027700831024930747,0.030470914127423823,0.019390581717451522,0.05263157894736842,0.08587257617728532,0.030470914127423823,0.07202216066481995,0.10803324099722991,0.038781163434903045,0.0332409972299169,0.04155124653739612,0.027700831024930747,0.04986149584487535,0.0664819944598338,0.0332409972299169,0.04986149584487535,0.07479224376731301
,0.09418282548476455,0.027700831024930747,0.0443213296398892,0.027700831024930747,0.024930747922437674,0.013850415512465374,0.05263157894736842,0.08310249307479224,0.0332409972299169,0.07756232686980609,0.10526315789473684,0.04155124653739612,0.030470914127423823,0.0443213296398892,0.027700831024930747,0.05263157894736842,0.06925207756232687,0.027700831024930747,0.04986149584487535,0.07202216066481995
-7.430867304520878,0.09141274238227147,0.030470914127423823,0.04155124653739612,0.027700831024930747,0.024930747922437674,0.01662049861495845,0.05263157894736842,0.08310249307479224,0.030470914127423823,0.07479224376731301,0.10803324099722991,0.04155124653739612,0.024930747922437674,0.038781163434903045,0.027700831024930747,0.05263157894736842,0.07479224376731301,0.0332409972299169,0.04986149584487535,0.07479224376731301
-7.697662542801202,0.09695290858725762,0.030470914127423823,0.04155124653739612,0.027700831024930747,0.024930747922437674,0.01662049861495845,0.055401662049861494,0.07756232686980609,0.0332409972299169,0.08587257617728532,0.09695290858725762,0.04155124653739612,0.024930747922437674,0.05263157894736842,0.030470914127423823,0.04986149584487535,0.07202216066481995,0.030470914127423823,0.0443213296398892,0.0664819944598338
-5.988608431336485,0.08055555555555556,0.030555555555555555,0.03888888888888889,0.030555555555555555,0.025,0.016666666666666666,0.06388888888888888,0.08333333333333333,0.030555555555555555,0.075,0.1,0.03888888888888889,0.030555555555555555,0.05,0.027777777777777776,0.05,0.07222222222222222,0.030555555555555555,0.04722222222222222,0.07777777777777778
-5.384437728556348,0.0997229916897507,0.030470914127423823,0.0332409972299169,0.027700831024930747,0.0332409972299169,0.019390581717451522,0.05263157894736842,0.07479224376731301,0.0332409972299169,0.07756232686980609,0.10249307479224377,0.0443213296398892,0.027700831024930747,0.04155124653739612,0.030470914127423823,0.060941828254847646,0.060941828254847646,0.0332409972299169,0.05263157894736842,0.06371191135734072
-7.774340977997347,0.10335195530726257,0.0335195530726257,0.027932960893854747,0.025139664804469275,0.030726256983240222,0.01675977653631285,0.04748603351955307,0.06983240223463687,0.027932960893854747,0.06983240223463687,0.1005586592178771,0.04189944134078212,0.0223463687150838,0.055865921787709494,0.0335195530726257,0.06983240223463687,0.061452513966480445,0.030726256983240222,0.055865921787709494,0.07541899441340782
-5.893746696133273,0.09497206703910614,0.0335195530726257,0.030726256983240222,0.027932960893854747,0.030726256983240222,0.0223463687150838,0.04748603351955307,0.07541899441340782,0.030726256983240222,0.061452513966480445,0.10335195530726257,0.04189944134078212,0.036312849162011177,0.04189944134078212,0.030726256983240222,0.06424581005586592,0.05307262569832402,0.036312849162011177,0.05865921787709497,0.0782122905027933
-7.3141295128133885,0.09444444444444444,0.022222222222222223,0.030555555555555555,0.027777777777777776,0.030555555555555555,0.016666666666666666,0.06666666666666667,0.08055555555555556,0.030555555555555555,0.075,0.09722222222222222,0.044444444444444446,0.030555555555555555,0.044444444444444446,0.03333333333333333,0.058333333333333334,0.05,0.030555555555555555,0.05555555555555555,0.08055555555555556
-6.673839708394163,0.09217877094972067,0.030726256983240222,0.0335195530726257,0.030726256983240222,0.0335195530726257,0.0223463687150838,0.04189944134078212,0.0782122905027933,0.036312849162011177,0.07541899441340782,0.09497206703910614,0.03910614525139665,0.030726256983240222,0.05307262569832402,0.036312849162011177,0.055865921787709494,0.06424581005586592,0.027932960893854747,0.05307262569832402,0.06983240223463687
-5.696734269383801,0.09217877094972067,0.0335195530726257,0.027932960893854747,0.027932960893854747,0.036312849162011177,0.0223463687150838,0.03910614525139665,0.08379888268156424,0.030726256983240222,0.061452513966480445,0.10614525139664804,0.03910614525139665,0.030726256983240222,0.055865921787709494,0.0335195530726257,0.05865921787709497,0.061452513966480445,0.030726256983240222,0.0446927374301676,0.08379888268156424
-8.583544794452564,0.0997229916897507,0.0221606648199446,0.038781163434903045,0.024930747922437674,0.0332409972299169,0.013850415512465374,0.04986149584487535,0.08587257617728532,0.027700831024930747,0.0664819944598338,0.11911357340720222,0.038781163434903045,0.0221606648199446,0.0332409972299169,0.027700831024930747,0.05817174515235457,0.07479224376731301,0.030470914127423823,0.055401662049861494,0.07756232686980609
-7.50501562302166,0.09695290858725762,0.030470914127423823,0.036011080332409975,0.0221606648199446,0.024930747922437674,0.013850415512465374,0.05263157894736842,0.08310249307479224,0.0332409972299169,0.07202216066481995,0.11080332409972299,0.036011080332409975,0.0221606648199446,0.04986149584487535,0.027700831024930747,0.055401662049861494,0.06925207756232687,0.027700831024930747,0.04986149584487535,0.08587257617728532
-7.832019468805971,0.11357340720221606,0.024930747922437674,0.036011080332409975,0.0221606648199446,0.0332409972299169,0.013850415512465374,0.055401662049861494,0.07202216066481995,0.036011080332409975,0.07479224376731301,0.10526315789473684,0.04155124653739612,0.0332409972299169,0.04986149584487535,0.0332409972299169,0.055401662049861494,0.05817174515235457,0.030470914127423823,0.0443213296398892,0.0664819944598338
-6.886468446878718,0.09444444444444444,0.027777777777777776,0.030555555555555555,0.025,0.03333333333333333,0.019444444444444445,0.06944444444444445,0.07777777777777778,0.030555555555555555,0.075,0.09166666666666666,0.041666666666666664,0.019444444444444445,0.044444444444444446,0.03333333333333333,0.05555555555555555,0.06944444444444445,0.03611111111111111,0.041666666666666664,0.08333333333333333
-6.975393550316428,0.10335195530726257,0.0335195530726257,0.04189944134078212,0.027932960893854747,0.019553072625698324,0.013966480446927373,0.04189944134078212,0.07541899441340782,0.030726256983240222,0.06983240223463687,0.11173184357541899,0.04748603351955307,0.0223463687150838,0.0446927374301676,0.030726256983240222,0.06424581005586592,0.05307262569832402,0.030726256983240222,0.05027932960893855,0.08659217877094973
-6.2807344442384325,0.09418282548476455,0.0332409972299169,0.036011080332409975,0.027700831024930747,0.024930747922437674,0.019390581717451522,0.05817174515235457,0.07756232686980609,0.036011080332409975,0.07756232686980609,0.09418282548476455,0.038781163434903045,0.027700831024930747,0.05817174515235457,0.030470914127423823,0.04986149584487535,0.07479224376731301,0.0332409972299169,0.0443213296398892,0.06371191135734072
-8.113936450186205,0.10249307479224377,0.030470914127423823,0.0332409972299169,0.024930747922437674,0.024930747922437674,0.01662049861495845,0.05263157894736842,0.08587257617728532,0.0332409972299169,0.0664819944598338,0.11357340720221606,0.04155124653739612,0.019390581717451522,0.04155124653739612,0.027700831024930747,0.06371191135734072,0.060941828254847646,0.0332409972299169,0.04986149584487535,0.07756232686980609
-7.450035379594821,0.09422492401215805,0.0182370820668693,0.02735562310030395,0.0243161094224924,0.0182370820668693,0.015197568389057751,0.0486322188449848,0.0911854103343465,0.0364741641337386,0.0790273556231003,0.10030395136778116,0.03951367781155015,0.030395136778115502,0.0425531914893617,0.0486322188449848,0.060790273556231005,0.05167173252279635,0.02735562310030395,0.0729483282674772,0.0729483282674772
-6.566272408536558,0.0851063829787234,0.02127659574468085,0.02127659574468085,0.02735562310030395,0.02127659574468085,0.02127659574468085,0.05167173252279635,0.09422492401215805,0.0364741641337386,0.0790273556231003,0.0911854103343465,0.0364741641337386,0.0364741641337386,0.0486322188449848,0.0486322188449848,0.057750759878419454,0.060790273556231005,0.030395136778115502,0.0729483282674772,0.057750759878419454
-6.013942880307312,0.0911854103343465,0.02127659574468085,0.0243161094224924,0.0243161094224924,0.0182370820668693,0.0182370820668693,0.0547112462006079,0.0911854103343465,0.0364741641337386,0.0729483282674772,0.0911854103343465,0.03951367781155015,0.02735562310030395,0.04559270516717325,0.04559270516717325,0.06382978723404255,0.05167173252279635,0.030395136778115502,0.0729483282674772,0.0790273556231003
-5.887274565323308,0.08814589665653495,0.02127659574468085,0.0243161094224924,0.02735562310030395,0.0182370820668693,0.0182370820668693,0.0486322188449848,0.0972644376899696,0.0364741641337386,0.06990881458966565,0.10030395136778116,0.0364741641337386,0.030395136778115502,0.0486322188449848,0.0486322188449848,0.057750759878419454,0.05167173252279635,0.030395136778115502,0.0729483282674772,0.0729483282674772
-6.481163109642129,0.0911854103343465,0.0243161094224924,0.02127659574468085,0.0243161094224924,0.015197568389057751,0.015197568389057751,0.05167173252279635,0.0911854103343465,0.0364741641337386,0.07598784194528875,0.09422492401215805,0.03951367781155015,0.030395136778115502,0.0547112462006079,0.0486322188449848,0.06382978723404255,0.0486322188449848,0.02735562310030395,0.0729483282674772,0.0729483282674772
-5.968435149556656,0.08814589665653495,0.02735562310030395,0.02127659574468085,0.0243161094224924,0.0182370820668693,0.02127659574468085,0.05167173252279635,0.09422492401215805,0.03951367781155015,0.06990881458966565,0.09422492401215805,0.03343465045592705,0.02735562310030395,0.0547112462006079,0.0486322188449848,0.0547112462006079,0.0547112462006079,0.03343465045592705,0.06382978723404255,0.0790273556231003
-5.3072183078974415,0.0911854103343465,0.02127659574468085,0.02127659574468085,0.0243161094224924,0.0182370820668693,0.0182370820668693,0.05167173252279635,0.0972644376899696,0.03343465045592705,0.07598784194528875,0.0972644376899696,0.0364741641337386,0.02735562310030395,0.0486322188449848,0.0486322188449848,0.060790273556231005,0.0486322188449848,0.030395136778115502,0.0729483282674772,0.07598784194528875
-6.519779039196885,0.0851063829787234,0.02127659574468085,0.02127659574468085,0.0243161094224924,0.02127659574468085,0.0182370820668693,0.05167173252279635,0.09422492401215805,0.0364741641337386,0.0668693009118541,0.0972644376899696,0.03343465045592705,0.03343465045592705,0.04559270516717325,0.0486322188449848,0.060790273556231005,0.05167173252279635,0.030395136778115502,0.0790273556231003,0.0790273556231003
-6.7244621963556055,0.0963855421686747,0.015060240963855422,0.024096385542168676,0.02108433734939759,0.018072289156626505,0.015060240963855422,0.06325301204819277,0.09939759036144578,0.0391566265060241,0.0783132530120482,0.09939759036144578,0.03614457831325301,0.02710843373493976,0.04216867469879518,0.045180722891566265,0.05421686746987952,0.060240963855421686,0.030120481927710843,0.06927710843373494,0.06626506024096386
-6.886395745117742,0.08814589665653495,0.0182370820668693,0.02127659574468085,0.0243161094224924,0.02127659574468085,0.0182370820668693,0.0486322188449848,0.0972644376899696,0.0364741641337386,0.0790273556231003,0.09422492401215805,0.03951367781155015,0.030395136778115502,0.0425531914893617,0.05167173252279635,0.060790273556231005,0.05167173252279635,0.02735562310030395,0.0729483282674772,0.07598784194528875
-8.025415659124889,0.0911854103343465,0.02127659574468085,0.02127659574468085,0.0243161094224924,0.0243161094224924,0.0182370820668693,0.05167173252279635,0.09422492401215805,0.03343465045592705,0.0729483282674772,0.09422492401215805,0.0364741641337386,0.030395136778115502,0.05167173252279635,0.0486322188449848,0.060790273556231005,0.057750759878419454,0.030395136778115502,0.0668693009118541,0.06990881458966565
-6.122695079257531,0.0911854103343465,0.02127659574468085,0.02127659574468085,0.0243161094224924,0.02127659574468085,0.0182370820668693,0.05167173252279635,0.0911854103343465,0.03951367781155015,0.06990881458966565,0.09422492401215805,0.0364741641337386,0.02735562310030395,0.0486322188449848,0.04559270516717325,0.06382978723404255,0.0547112462006079,0.02735562310030395,0.07598784194528875,0.07598784194528875
-5.975586824902201,0.0851063829787234,0.0243161094224924,0.02127659574468085,0.02735562310030395,0.0182370820668693,0.0182370820668693,0.0486322188449848,0.0972644376899696,0.03343465045592705,0.0729483282674772,0.0972644376899696,0.03951367781155015,0.030395136778115502,0.0486322188449848,0.0486322188449848,0.0668693009118541,0.04559270516717325,0.030395136778115502,0.0729483282674772,0.0729483282674772
-5.6780835220027175,0.09422492401215805,0.02127659574468085,0.0182370820668693,0.0243161094224924,0.02127659574468085,0.0182370820668693,0.05167173252279635,0.0911854103343465,0.0364741641337386,0.06990881458966565,0.0972644376899696,0.03951367781155015,0.0364741641337386,0.0486322188449848,0.0486322188449848,0.06382978723404255,0.03951367781155015,0.030395136778115502,0.07598784194528875,0.0729483282674772
-8.764202037648419,0.09422492401215805,0.0243161094224924,0.0243161094224924,0.0243161094224924,0.0182370820668693,0.0182370820668693,0.05167173252279635,0.0911854103343465,0.0425531914893617,0.06990881458966565,0.09422492401215805,0.0364741641337386,0.030395136778115502,0.05167173252279635,0.0486322188449848,0.057750759878419454,0.0486322188449848,0.030395136778115502,0.0668693009118541,0.07598784194528875
-5.684063700869746,0.09422492401215805,0.02127659574468085,0.02127659574468085,0.0243161094224924,0.0182370820668693,0.0182370820668693,0.05167173252279635,0.09422492401215805,0.03343465045592705,0.0729483282674772,0.10030395136778116,0.03951367781155015,0.0243161094224924,0.03951367781155015,0.0486322188449848,0.06382978723404255,0.0486322188449848,0.03343465045592705,0.07598784194528875,0.07598784194528875
-8.31556501084656,0.09422492401215805,0.02127659574468085,0.02127659574468085,0.0243161094224924,0.02127659574468085,0.0182370820668693,0.0547112462006079,0.0851063829787234,0.03951367781155015,0.07598784194528875,0.08814589665653495,0.0364741641337386,0.030395136778115502,0.05167173252279635,0.05167173252279635,0.060790273556231005,0.0486322188449848,0.030395136778115502,0.07598784194528875,0.06990881458966565
-7.1048508816280265,0.08761329305135952,0.015105740181268883,0.021148036253776436,0.02416918429003021,0.01812688821752266,0.015105740181268883,0.0755287009063444,0.09667673716012085,0.03927492447129909,0.0755287009063444,0.09365558912386707,0.03625377643504532,0.030211480362537766,0.045317220543806644,0.045317220543806644,0.054380664652567974,0.05740181268882175,0.030211480362537766,0.06948640483383686,0.06948640483383686
-8.28781536491833,0.09063444108761329,0.01812688821752266,0.021148036253776436,0.027190332326283987,0.03625377643504532,0.015105740181268883,0.07250755287009064,0.08459214501510574,0.04229607250755287,0.0755287009063444,0.0755287009063444,0.04833836858006042,0.027190332326283987,0.03927492447129909,0.04833836858006042,0.06646525679758308,0.03927492447129909,0.027190332326283987,0.06948640483383686,0.0755287009063444
-4.986009935777647,0.11173184357541899,0.025139664804469275,0.01675977653631285,0.030726256983240222,0.03910614525139665,0.008379888268156424,0.0670391061452514,0.06983240223463687,0.036312849162011177,0.061452513966480445,0.09497206703910614,0.04748603351955307,0.027932960893854747,0.04748603351955307,0.027932960893854747,0.07541899441340782,0.05307262569832402,0.0335195530726257,0.05027932960893855,0.07541899441340782
-6.269934534978312,0.10893854748603352,0.0223463687150838,0.01675977653631285,0.030726256983240222,0.036312849162011177,0.008379888268156424,0.06424581005586592,0.07262569832402235,0.03910614525139665,0.0670391061452514,0.09497206703910614,0.05027932960893855,0.027932960893854747,0.03910614525139665,0.030726256983240222,0.07541899441340782,0.04748603351955307,0.030726256983240222,0.055865921787709494,0.08100558659217877
-4.688170977244142,0.10893854748603352,0.0223463687150838,0.01675977653631285,0.030726256983240222,0.03910614525139665,0.008379888268156424,0.06424581005586592,0.07541899441340782,0.0335195530726257,0.06983240223463687,0.09497206703910614,0.05027932960893855,0.030726256983240222,0.04189944134078212,0.0335195530726257,0.07262569832402235,0.05027932960893855,0.0335195530726257,0.04748603351955307,0.07541899441340782
-8.147653535627581,0.11452513966480447,0.019553072625698324,0.01675977653631285,0.027932960893854747,0.04189944134078212,0.008379888268156424,0.0670391061452514,0.06983240223463687,0.03910614525139665,0.0670391061452514,0.09217877094972067,0.04748603351955307,0.027932960893854747,0.04189944134078212,0.030726256983240222,0.06983240223463687,0.05865921787709497,0.030726256983240222,0.05027932960893855,0.0782122905027933
-7.264425589948742,0.10614525139664804,0.0223463687150838,0.019553072625698324,0.030726256983240222,0.03910614525139665,0.008379888268156424,0.06424581005586592,0.07541899441340782,0.036312849162011177,0.06983240223463687,0.09217877094972067,0.04748603351955307,0.0223463687150838,0.04189944134078212,0.030726256983240222,0.07262569832402235,0.06424581005586592,0.030726256983240222,0.04748603351955307,0.0782122905027933
-5.7112769943557415,0.10614525139664804,0.019553072625698324,0.013966480446927373,0.030726256983240222,0.04189944134078212,0.008379888268156424,0.06424581005586592,0.07541899441340782,0.030726256983240222,0.06983240223463687,0.09497206703910614,0.05027932960893855,0.027932960893854747,0.03910614525139665,0.030726256983240222,0.0782122905027933,0.055865921787709494,0.030726256983240222,0.055865921787709494,0.07541899441340782
-6.115112568237896,0.10614525139664804,0.0223463687150838,0.01675977653631285,0.030726256983240222,0.04189944134078212,0.008379888268156424,0.06424581005586592,0.07262569832402235,0.03910614525139665,0.0670391061452514,0.0893854748603352,0.04748603351955307,0.0335195530726257,0.05027932960893855,0.030726256983240222,0.07262569832402235,0.055865921787709494,0.027932960893854747,0.04748603351955307,0.07541899441340782
-7.84298595409709,0.10614525139664804,0.0223463687150838,0.01675977653631285,0.030726256983240222,0.03910614525139665,0.008379888268156424,0.061452513966480445,0.08100558659217877,0.0335195530726257,0.06424581005586592,0.1005586592178771,0.05027932960893855,0.027932960893854747,0.03910614525139665,0.027932960893854747,0.07541899441340782,0.055865921787709494,0.030726256983240222,0.04748603351955307,0.08100558659217877
-4.875093284104756,0.11235955056179775,0.028089887640449437,0.016853932584269662,0.03089887640449438,0.042134831460674156,0.011235955056179775,0.042134831460674156,0.0702247191011236,0.033707865168539325,0.06460674157303371,0.09550561797752809,0.05056179775280899,0.028089887640449437,0.0449438202247191,0.033707865168539325,0.08146067415730338,0.047752808988764044,0.03089887640449438,0.05337078651685393,0.08146067415730338
-4.153545460917198,0.11452513966480447,0.0223463687150838,0.0223463687150838,0.030726256983240222,0.03910614525139665,0.00558659217877095,0.06424581005586592,0.0670391061452514,0.036312849162011177,0.0670391061452514,0.09776536312849161,0.05027932960893855,0.027932960893854747,0.04189944134078212,0.027932960893854747,0.07541899441340782,0.05307262569832402,0.030726256983240222,0.05027932960893855,0.07541899441340782
-5.902809074204358,0.10335195530726257,0.0223463687150838,0.01675977653631285,0.0335195530726257,0.03910614525139665,0.0111731843575419,0.06424581005586592,0.07262569832402235,0.03910614525139665,0.07262569832402235,0.0893854748603352,0.05027932960893855,0.0335195530726257,0.03910614525139665,0.030726256983240222,0.07262569832402235,0.055865921787709494,0.030726256983240222,0.055865921787709494,0.0670391061452514
-5.509785716570097,0.10893854748603352,0.0223463687150838,0.019553072625698324,0.030726256983240222,0.03910614525139665,0.008379888268156424,0.0670391061452514,0.07262569832402235,0.0335195530726257,0.06983240223463687,0.0893854748603352,0.05307262569832402,0.027932960893854747,0.03910614525139665,0.030726256983240222,0.07541899441340782,0.05027932960893855,0.0335195530726257,0.04748603351955307,0.08100558659217877
-7.601809103963952,0.11173184357541899,0.019553072625698324,0.019553072625698324,0.030726256983240222,0.04189944134078212,0.008379888268156424,0.06424581005586592,0.07262569832402235,0.03910614525139665,0.06424581005586592,0.09497206703910614,0.04748603351955307,0.027932960893854747,0.04189944134078212,0.030726256983240222,0.0670391061452514,0.05865921787709497,0.030726256983240222,0.05027932960893855,0.0782122905027933
-8.905971381085486,0.10614525139664804,0.025139664804469275,0.019553072625698324,0.030726256983240222,0.036312849162011177,0.00558659217877095,0.06424581005586592,0.07262569832402235,0.036312849162011177,0.07262569832402235,0.0893854748603352,0.05027932960893855,0.0223463687150838,0.04748603351955307,0.030726256983240222,0.07541899441340782,0.061452513966480445,0.027932960893854747,0.04748603351955307,0.0782122905027933
-4.593912239723845,0.10335195530726257,0.025139664804469275,0.013966480446927373,0.030726256983240222,0.04189944134078212,0.0111731843575419,0.06424581005586592,0.07541899441340782,0.0335195530726257,0.0670391061452514,0.09217877094972067,0.04748603351955307,0.025139664804469275,0.0446927374301676,0.030726256983240222,0.07262569832402235,0.05865921787709497,0.0335195530726257,0.04748603351955307,0.08100558659217877
-5.769612631669962,0.10614525139664804,0.0223463687150838,0.01675977653631285,0.030726256983240222,0.04189944134078212,0.008379888268156424,0.06424581005586592,0.07541899441340782,0.036312849162011177,0.06983240223463687,0.0893854748603352,0.04748603351955307,0.030726256983240222,0.05027932960893855,0.030726256983240222,0.07262569832402235,0.05307262569832402,0.027932960893854747,0.04748603351955307,0.0782122905027933
-7.920386157149045,0.1005586592178771,0.0223463687150838,0.01675977653631285,0.030726256983240222,0.04189944134078212,0.008379888268156424,0.061452513966480445,0.08100558659217877,0.0335195530726257,0.05865921787709497,0.1005586592178771,0.04748603351955307,0.030726256983240222,0.036312849162011177,0.027932960893854747,0.07541899441340782,0.055865921787709494,0.030726256983240222,0.05307262569832402,0.08659217877094973
-5.194006961724645,0.116991643454039,0.022284122562674095,0.019498607242339833,0.027855153203342618,0.04178272980501393,0.008356545961002786,0.052924791086350974,0.07520891364902507,0.036211699164345405,0.06963788300835655,0.09749303621169916,0.05013927576601671,0.025069637883008356,0.03899721448467967,0.03064066852367688,0.07520891364902507,0.055710306406685235,0.03064066852367688,0.05013927576601671,0.07520891364902507
-6.794567628611167,0.09831460674157304,0.033707865168539325,0.019662921348314606,0.03089887640449438,0.028089887640449437,0.014044943820224719,0.0449438202247191,0.08146067415730338,0.028089887640449437,0.056179775280898875,0.10674157303370786,0.042134831460674156,0.02247191011235955,0.042134831460674156,0.028089887640449437,0.07584269662921349,0.05898876404494382,0.03932584269662921,0.05337078651685393,0.09550561797752809
-8.51762382755167,0.09337349397590361,0.015060240963855422,0.02710843373493976,0.024096385542168676,0.030120481927710843,0.015060240963855422,0.06325301204819277,0.0963855421686747,0.03313253012048193,0.06626506024096386,0.0963855421686747,0.04216867469879518,0.02710843373493976,0.030120481927710843,0.04216867469879518,0.060240963855421686,0.05120481927710843,0.03313253012048193,0.07530120481927711,0.0783132530120482
-8.571060179872774,0.09550561797752809,0.033707865168539325,0.02247191011235955,0.033707865168539325,0.028089887640449437,0.011235955056179775,0.0449438202247191,0.07584269662921349,0.033707865168539325,0.06460674157303371,0.09550561797752809,0.0449438202247191,0.03651685393258427,0.05337078651685393,0.028089887640449437,0.07584269662921349,0.06179775280898876,0.03089887640449438,0.05337078651685393,0.07584269662921349
-7.3445848975979535,0.08157099697885196,0.01812688821752266,0.021148036253776436,0.02416918429003021,0.03323262839879154,0.01812688821752266,0.0755287009063444,0.09365558912386707,0.03625377643504532,0.06948640483383686,0.08157099697885196,0.04229607250755287,0.027190332326283987,0.03323262839879154,0.045317220543806644,0.05740181268882175,0.0513595166163142,0.03323262839879154,0.06646525679758308,0.09063444108761329
-6.569508668935794,0.1005586592178771,0.019553072625698324,0.019553072625698324,0.0335195530726257,0.030726256983240222,0.008379888268156424,0.061452513966480445,0.08379888268156424,0.027932960893854747,0.0782122905027933,0.10614525139664804,0.04748603351955307,0.03910614525139665,0.04189944134078212,0.027932960893854747,0.06983240223463687,0.05865921787709497,0.030726256983240222,0.05307262569832402,0.061452513966480445
-7.588913722504616,0.11142061281337047,0.025069637883008356,0.022284122562674095,0.027855153203342618,0.025069637883008356,0.005571030640668524,0.0584958217270195,0.07520891364902507,0.033426183844011144,0.07520891364902507,0.09749303621169916,0.04735376044568245,0.025069637883008356,0.05013927576601671,0.027855153203342618,0.07520891364902507,0.06128133704735376,0.03064066852367688,0.052924791086350974,0.07242339832869081
-8.287149988801819,0.08157099697885196,0.027190332326283987,0.021148036253776436,0.027190332326283987,0.02416918429003021,0.015105740181268883,0.07250755287009064,0.09365558912386707,0.03625377643504532,0.07250755287009064,0.08459214501510574,0.04229607250755287,0.01812688821752266,0.0513595166163142,0.04229607250755287,0.0634441087613293,0.05740181268882175,0.030211480362537766,0.06042296072507553,0.07854984894259819
-6.9793484717108525,0.10955056179775281,0.028089887640449437,0.02247191011235955,0.03089887640449438,0.03089887640449438,0.014044943820224719,0.05056179775280899,0.0702247191011236,0.03651685393258427,0.07303370786516854,0.0898876404494382,0.042134831460674156,0.03089887640449438,0.05337078651685393,0.03089887640449438,0.06741573033707865,0.06460674157303371,0.033707865168539325,0.05056179775280899,0.0702247191011236
-7.840763601366848,0.08734939759036145,0.02108433734939759,0.02710843373493976,0.024096385542168676,0.02710843373493976,0.015060240963855422,0.0572289156626506,0.0963855421686747,0.0391566265060241,0.07228915662650602,0.0963855421686747,0.0391566265060241,0.02710843373493976,0.0391566265060241,0.04216867469879518,0.060240963855421686,0.045180722891566265,0.02710843373493976,0.07228915662650602,0.08433734939759036
-9.174039097210207,0.08814589665653495,0.03343465045592705,0.02127659574468085,0.02735562310030395,0.0243161094224924,0.0182370820668693,0.05167173252279635,0.0851063829787234,0.03343465045592705,0.07598784194528875,0.08206686930091185,0.0425531914893617,0.02127659574468085,0.057750759878419454,0.05167173252279635,0.0668693009118541,0.04559270516717325,0.03343465045592705,0.06382978723404255,0.07598784194528875
-8.313000601877945,0.07854984894259819,0.012084592145015106,0.01812688821752266,0.027190332326283987,0.03323262839879154,0.01812688821752266,0.07250755287009064,0.09365558912386707,0.03927492447129909,0.0755287009063444,0.08459214501510574,0.04229607250755287,0.03625377643504532,0.027190332326283987,0.045317220543806644,0.06042296072507553,0.054380664652567974,0.027190332326283987,0.08459214501510574,0.06948640483383686
-8.15482384172899,0.09776536312849161,0.0223463687150838,0.0223463687150838,0.030726256983240222,0.025139664804469275,0.002793296089385475,0.061452513966480445,0.08379888268156424,0.027932960893854747,0.07262569832402235,0.10893854748603352,0.0446927374301676,0.030726256983240222,0.0446927374301676,0.027932960893854747,0.07262569832402235,0.05865921787709497,0.027932960893854747,0.055865921787709494,0.08100558659217877
-7.931613379354088,0.11142061281337047,0.016713091922005572,0.016713091922005572,0.027855153203342618,0.036211699164345405,0.011142061281337047,0.055710306406685235,0.0807799442896936,0.033426183844011144,0.08356545961002786,0.09749303621169916,0.04456824512534819,0.036211699164345405,0.04178272980501393,0.033426183844011144,0.06406685236768803,0.06406685236768803,0.03064066852367688,0.055710306406685235,0.0584958217270195
-7.682347412816437,0.11235955056179775,0.03089887640449438,0.025280898876404494,0.03089887640449438,0.025280898876404494,0.008426966292134831,0.042134831460674156,0.0702247191011236,0.033707865168539325,0.0702247191011236,0.10674157303370786,0.0449438202247191,0.02247191011235955,0.05056179775280899,0.033707865168539325,0.06741573033707865,0.05898876404494382,0.033707865168539325,0.05056179775280899,0.08146067415730338
-7.7252366227309155,0.08761329305135952,0.015105740181268883,0.03323262839879154,0.030211480362537766,0.021148036253776436,0.012084592145015106,0.0755287009063444,0.08157099697885196,0.03927492447129909,0.09063444108761329,0.07854984894259819,0.04833836858006042,0.027190332326283987,0.03625377643504532,0.045317220543806644,0.05740181268882175,0.05740181268882175,0.027190332326283987,0.0755287009063444,0.06042296072507553
-7.4665305235863535,0.0790273556231003,0.0243161094224924,0.02735562310030395,0.030395136778115502,0.0243161094224924,0.02127659574468085,0.0486322188449848,0.0972644376899696,0.0364741641337386,0.0851063829787234,0.0790273556231003,0.04559270516717325,0.030395136778115502,0.0425531914893617,0.0486322188449848,0.06382978723404255,0.0486322188449848,0.02735562310030395,0.0668693009118541,0.0729483282674772
-7.53760401737095,0.10863509749303621,0.016713091922005572,0.016713091922005572,0.025069637883008356,0.036211699164345405,0.008356545961002786,0.052924791086350974,0.08635097493036212,0.033426183844011144,0.06685236768802229,0.10863509749303621,0.04178272980501393,0.03064066852367688,0.036211699164345405,0.027855153203342618,0.06963788300835655,0.06128133704735376,0.027855153203342618,0.06128133704735376,0.08356545961002786
-7.379938210822062,0.0755287009063444,0.015105740181268883,0.030211480362537766,0.030211480362537766,0.027190332326283987,0.01812688821752266,0.07250755287009064,0.09667673716012085,0.04229607250755287,0.0755287009063444,0.08157099697885196,0.04229607250755287,0.030211480362537766,0.027190332326283987,0.045317220543806644,0.0513595166163142,0.06042296072507553,0.030211480362537766,0.07250755287009064,0.0755287009063444
-6.436780987668787,0.09939759036144578,0.018072289156626505,0.030120481927710843,0.02108433734939759,0.024096385542168676,0.012048192771084338,0.06325301204819277,0.09337349397590361,0.0391566265060241,0.08433734939759036,0.08433734939759036,0.04819277108433735,0.018072289156626505,0.03614457831325301,0.045180722891566265,0.060240963855421686,0.0572289156626506,0.02710843373493976,0.060240963855421686,0.0783132530120482
-5.395644495280823,0.09497206703910614,0.027932960893854747,0.013966480446927373,0.0335195530726257,0.0335195530726257,0.013966480446927373,0.06424581005586592,0.08100558659217877,0.036312849162011177,0.06424581005586592,0.09776536312849161,0.04189944134078212,0.036312849162011177,0.05307262569832402,0.025139664804469275,0.0670391061452514,0.0670391061452514,0.0335195530726257,0.04748603351955307,0.0670391061452514
-7.993460215889013,0.11235955056179775,0.03089887640449438,0.02247191011235955,0.03089887640449438,0.03089887640449438,0.008426966292134831,0.0449438202247191,0.0702247191011236,0.03651685393258427,0.06460674157303371,0.09831460674157304,0.042134831460674156,0.03089887640449438,0.06460674157303371,0.033707865168539325,0.06741573033707865,0.06179775280898876,0.03089887640449438,0.0449438202247191,0.07303370786516854
-8.359746838659895,0.09776536312849161,0.025139664804469275,0.0223463687150838,0.0335195530726257,0.030726256983240222,0.0111731843575419,0.06424581005586592,0.07541899441340782,0.036312849162011177,0.0782122905027933,0.09497206703910614,0.04189944134078212,0.0335195530726257,0.05027932960893855,0.030726256983240222,0.061452513966480445,0.07262569832402235,0.0335195530726257,0.0446927374301676,0.061452513966480445
-5.202960772973575,0.11235955056179775,0.028089887640449437,0.02247191011235955,0.03089887640449438,0.03089887640449438,0.011235955056179775,0.03932584269662921,0.07584269662921349,0.033707865168539325,0.05898876404494382,0.1151685393258427,0.0449438202247191,0.025280898876404494,0.042134831460674156,0.028089887640449437,0.0702247191011236,0.056179775280898875,0.033707865168539325,0.05337078651685393,0.08707865168539326
,0.09036144578313253,0.018072289156626505,0.024096385542168676,0.02710843373493976,0.02710843373493976,0.018072289156626505,0.06325301204819277,0.09036144578313253,0.0391566265060241,0.08433734939759036,0.08433734939759036,0.04216867469879518,0.024096385542168676,0.03614457831325301,0.045180722891566265,0.06325301204819277,0.060240963855421686,0.030120481927710843,0.0783132530120482,0.05421686746987952
